['upp.extended.fas']
12791
12791
12826
12826
12857
12857
12887
12887
12917
12917
12946
12946
12946
12972
12972
12972
12972
12993
12993
12993
12993
13013
13013
13013
13013
13013
13032
13032
13032
13032
13032
13050
13050
13050
13050
13050
13050
13067
13067
13067
13067
13067
13067
13083
13083
13083
13083
13083
13083
13097
13097
13097
13097
13097
13111
13111
13111
13111
13111
13125
13125
13125
13125
13125
13139
13139
13139
13139
13152
13152
13152
13152
13165
13165
13165
13165
13177
13177
13177
13177
13189
13189
13189
13189
13201
13201
13201
13201
13210
13210
13210
13210
13210
13210
13210
13217
13217
13217
13217
13217
13217
13217
13217
13224
13224
13224
13224
13224
13224
13229
13229
13229
13229
13229
13229
13229
13234
13234
13234
13234
13234
13234
13234
13238
13238
13238
13238
13238
13238
13238
13241
13241
13241
13241
13241
13241
13241
13241
13243
13243
13243
13243
13243
13243
13243
13243
13244
13244
13244
13244
13244
13244
13244
13244
13244
13245
13245
13245
13245
13245
13245
13245
13245
13245
13246
13246
13246
13246
13246
13246
13246
13246
13247
13247
13247
13247
13247
13247
13247
13247
13248
13248
13248
13248
13248
13248
13248
13249
13249
13249
13249
13249
13249
13249
13250
13250
13250
13250
13250
13250
13250
13251
13251
13251
13251
13251
13251
13252
13252
13252
13252
13252
13253
13253
13253
13253
13253
13254
13254
13254
13254
13254
13255
13255
13255
13255
13255
13256
13256
13256
13256
13256
13257
13257
13257
13257
13257
13258
13258
13258
13258
13258
13259
13259
13259
13259
13259
13260
13260
13260
13260
13261
13261
13261
13262
13262
13262
13263
13263
13263
13264
13264
13264
13265
13265
13265
13266
13266
13266
13267
13267
13267
13268
13268
13268
13269
13269
13269
13270
13270
13270
13271
13271
13272
13272
13273
13273
13274
13274
13275
13275
13276
13276
13277
13277
13278
13278
13279
13279
13280
13280
13281
13281
Done!
